;;; MARTINI 2.1 coarse-grained topology - Polysorbate 20
;
; Description:
;   A Martini lipid topology for polysorbate 20 (Tween 20).

;
;----------------Bead Map-------------------
;                                    31C1
;                                     /
;                                  30C1 
;                                   /
;                                29C3
;                                 /
;                             28C1
;                              /
;             21SP2          27Na
;              |            /
;             20EO        26EO 
;              |          /
;             19EO       25EO 
;              |        /
;             18EO     24EO 
;              |      /
;             17EO   23EO 
;              |    /
;             16EO 22EO 
;              |  /
;              9SC1
;             /    \
;           7SC1---8SNa
;           /   \
;         6EO   10EO 
;         /       \
;       5EO      11EO 
;       /           \
;     4EO           12EO 
;     /               \
;   3EO              13EO 
;   /                   \
; 2EO                  14EO   
;  |                     \
;  1SP2                  15SP2 
 


;----------------Bead Map-------------------


[moleculetype]
;molname	exclusions
PSDO  1

[atoms]
; id  type  resnr  residu  atom  cgnr  charge
1   C1   1  PSDO    1OLT   1  0.000   ;
2   C1   1  PSDO    1OLT   2  0.000   ;
3   C3   1  PSDO    1OLT   3  0.000   ;
4   C1   1  PSDO    1OLT   4  0.000   ;
5   Na   1  PSDO    1PGE   5  0.000   ;
6   EO   1  PSDO    1PG2   6  0.000   ;
7   EO   1  PSDO    1PG3   7  0.000   ; 
8   EO   1  PSDO    1PG4   8  0.000   ;
9   EO   1  PSDO    1PG5   9  0.000   ;
10  EO   1  PSDO    1PG6  10  0.000   ;
11  SC1  1  PSDO    SBN1  11  0.000   ;
12  SNa  1  PSDO    SBN2  12  0.000   ;
13  SC1  1  PSDO    SBN3  13  0.000   ;
14  EO   1  PSDO    2PG1  14  0.000   ;
15  EO   1  PSDO    2PG2  15  0.000   ;
16  EO   1  PSDO    2PG3  16  0.000   ;
17  EO   1  PSDO    2PG4  17  0.000   ;
18  EO   1  PSDO    2PG5  18  0.000   ;
19  SP2  1  PSDO    2PG6  19  0.000   ;
20  EO   1  PSDO    3PG1  20  0.000   ;
21  EO   1  PSDO    3PG2  21  0.000   ;
22  EO   1  PSDO    3PG3  22  0.000   ;
23  EO   1  PSDO    3PG4  23  0.000   ;
24  EO   1  PSDO    3PG5  24  0.000   ;
25  Na   1  PSDO    3PGE  25  0.000   ;
26  C1   1  PSDO    2OLT  26  0.000   ;
27  C3   1  PSDO    2OLT  27  0.000   ;
28  C1   1  PSDO    2OLT  28  0.000   ;
29  C1   1  PSDO    2OLT  29  0.000   ;
30  EO   1  PSDO    4PG1  30  0.000   ;
31  EO   1  PSDO    4PG2  31  0.000   ;
32  EO   1  PSDO    4PG3  32  0.000   ;
33  EO   1  PSDO    4PG4  33  0.000   ;
34  EO   1  PSDO    4PG5  34  0.000   ;
35  SP2  1  PSDO    4PG6  35  0.000   ;

[ bonds ]
;  i  j  funct  length  force.c.
 1  2   1     0.4700000   1250.0000000
 2  3   1     0.4700000   1250.00000000
 3  4   1     0.4700000   1250.00000000
 4  5   1     0.4700000   1250.00000000
 5  6   1     0.35692     7000.00000000
 6  7   1     0.3220000   7000.00000000
 7  8   1     0.3220000   7000.00000000
 8  9   1     0.3220000   7000.00000000
 9 10   1     0.3220000   7000.00000000
10 11   1     0.28827     7000.00000000
11 12   1     0.20005     7000.00000000
11 13   1     0.24285     7000.0000000
11 14   1     0.28827     7000.00000000
14 15   1     0.280000    7000.00000000
15 16   1     0.3220000   7000.00000000
16 17   1     0.3220000   7000.00000000
17 18   1     0.3220000   7000.00000000
18 19   1     0.280000	  7000.00000000
;
12 13   1     0.22832     7000.00000000
13 20   1     0.28737     7000.00000000
20 21   1     0.3220000   7000.00000000
21 22   1     0.3220000   7000.00000000
22 23   1     0.3220000   7000.00000000
23 24   1     0.3220000   7000.00000000
24 25   1     0.35692     7000.00000000
25 26   1     0.4700000   1250.00000000
26 27   1     0.4700000   1250.00000000
27 28   1     0.4700000   1250.00000000
28 29   1     0.4700000   1250.00000000
;
13 30   1     0.28737     7000.00000000
30 31   1     0.3220000   7000.00000000
31 32   1     0.3220000   7000.00000000
32 33   1     0.3220000   7000.00000000
33 34   1     0.3220000   7000.00000000
34 35   1     0.280000	  7000.00000000

[ angles ] 
;i j k   funct   angle   force c.
 1   2   3   2     180.00000000     25.00000000
 2   3   4   2     120.000          45.00000000
 3   4   5   2     180.00000000     25.00000000
 4   5   6   2     180.00000000     50.00000000
 5   6   7   2     180.00000000     25.00000000
 6   7   8   2     135.00000000     50.00000000
 6   7   8   10    140.00000000     25.00000000 
 7   8   9   2     135.00000000     50.00000000
 7   8   9   10    140.00000000     25.00000000 
 8   9   10  2     135.00000000     50.00000000
 8   9   10  10    140.00000000     25.00000000 
 10  11  13  2     147.28           25.00000000
 10  11  14  2     92.2934          75.000000
 20  13  30  2     92.2934          75.000000
 9   10  11  2     122.175          25.00000000
 11  12  13  2     68.6936          25.00000000
 12  11  13  2     61.1544         25.00000000
 11  13  12  2      50.152          25.00000000
 11  14  15  2     122.175          25.00000000
 13  20  21  2     122.175          25.00000000
 13  30  31  2     122.175          25.00000000
 14  15  16  2     135.00000000     50.00000000
 14  15  16  10    135.00000000     75.00000000
 15  16  17  2     135.00000000     50.00000000
 15  16  17  10    135.00000000     75.00000000
 16  17  18  2     135.00000000     50.00000000
 16  17  18  10    135.00000000     75.00000000
 17  18  19  2     140.00000000     25.00000000
 20  21  22  2     135.00000000     50.00000000
 20  21  22  10    135.00000000     75.00000000
 21  22  23  2     135.00000000     50.00000000
 21  22  23  10    135.00000000     75.00000000
 22  23  24  2     135.00000000     50.00000000
 22  23  24  10    135.00000000     75.00000000
 23  24  25  2     180.00000000     25.00000000
 24  25  26  2     180.00000000     50.00000000
 25  26  27  2     180.00000000     50.00000000
 26  27  28  2     120.000          45.00000000
 27  28  29  2     180.00000000     25.00000000
 30  31  32  2     135.00000000     50.00000000
 30  31  32  10    135.00000000     75.00000000
 31  32  33  2     135.00000000     50.00000000
 31  32  33  10    135.00000000     75.00000000
 32  33  34  2     135.00000000     50.00000000
 32  33  34  10    135.00000000     75.00000000
 33  34  35  2     140.00000000     25.00000000
;
 11  13  20  2     147.28           25.00000000
 11  13  30  2     147.28           25.00000000
 10  11  12  2     105.764          75.00000000
 12  11  14  2     160.802          75.0000000
 12  13  20  2     122.128          25.00000000
 12  13  30  2     102.843          25.00000000
 13  11  14  2     115.381          25.00000000

 [ dihedrals ]
6  7  8  9      1    180.00    1.96   1
6  7  8  9      1     0        0.18   2
6  7  8  9      1     0        0.33   3
6  7  8  9      1     0        0.12   4
;
7  8  9  10     1    180.00    1.96   1
7  8  9  10     1     0        0.18   2
7  8  9  10     1     0        0.33   3
7  8  9  10     1     0        0.12   4
;
14 15 16 17     1    180.00    1.96   1
14 15 16 17     1     0        0.18   2
14 15 16 17     1     0        0.33   3
14 15 16 17     1     0        0.12   4
;
15 16 17 18     1    180.00    1.96   1
15 16 17 18     1     0        0.18   2
15 16 17 18     1     0        0.33   3
15 16 17 18     1     0        0.12   4
;
20 21 22 23     1    180.00    1.96   1
20 21 22 23     1     0        0.18   2
20 21 22 23     1     0        0.33   3
20 21 22 23     1     0        0.12   4
;
21 22 23 24     1    180.00    1.96   1
21 22 23 24     1     0        0.18   2
21 22 23 24     1     0        0.33   3
21 22 23 24     1     0        0.12   4
;
30 31 32 33     1    180.00    1.96   1
30 31 32 33     1     0        0.18   2
30 31 32 33     1     0        0.33   3
30 31 32 33     1     0        0.12   4
;
31 32 33 34     1    180.00    1.96   1
31 32 33 34     1     0        0.18   2
31 32 33 34     1     0        0.33   3
31 32 33 34     1     0        0.12   4
;
